This is your grid world:
[0,0,0,0,0]
[0,1,1,1,0]
[0,1,1,1,0]
[1,0,1,1,0]
[0,0,0,0,0]

//Value Iteration Analysis//
Value Iteration,130,163,137,16,16,10,13,14,11,10,9,13,16,9,11,9,10,10,9,13,10,11,10,22,11,12,15,11,13,11,9,19,9,9,10,10,11,12,11,11,10,11,10,20,11,14,9,10,11,9,11,12,10,10,12,12,10,11,15,10,9,10,17,9,9,10,11,9,10,15,14,11,9,11,10,13,14,9,24,10,9,10,10,10,10,11,13,13,9,9,17,10,12,9,11,9,9,11,9,9

This is your optimal policy:
num of rows in policy is 5
[>,>,>,>,<]
[^,*,*,*,^]
[^,*,*,*,^]
[*,v,*,*,^]
[>,>,>,>,^]

//Policy Iteration Analysis//
Policy Iteration,162,233,48,13,12,13,25,12,9,10,12,14,11,12,10,13,16,13,18,16,12,15,10,13,12,14,14,11,11,12,10,12,14,10,10,9,11,13,14,9,10,13,15,12,11,9,9,11,14,12,13,11,10,14,12,9,9,22,11,11,10,10,9,12,13,11,10,11,12,13,13,11,9,13,9,12,10,13,15,16,11,10,9,12,16,13,11,9,10,10,10,15,11,13,12,11,11,10,13,15
Passes: 14

This is your optimal policy:
num of rows in policy is 5
[v,<,<,>,<]
[^,*,*,*,^]
[<,*,*,*,^]
[*,v,*,*,^]
[>,>,>,>,^]

//Q Learning Analysis//
Q Learning,113,59,23,44,43,44,21,11,42,11,15,9,16,9,11,9,12,20,9,9,17,11,17,9,10,13,19,11,16,14,34,17,10,10,11,11,11,11,16,10,14,16,12,20,32,16,20,11,10,12,15,13,15,26,23,10,12,16,12,11,22,12,53,11,27,42,16,57,11,10,13,18,16,17,21,13,14,9,10,12,10,10,11,12,17,16,10,21,12,12,14,12,13,14,14,10,10,9,12,12
Passes: 14

This is your optimal policy:
num of rows in policy is 5
[v,<,v,v,<]
[<,*,*,*,^]
[>,*,*,*,^]
[*,v,*,*,^]
[>,>,>,>,>]
